>> x = [-8 : 0.000001 : +8];
>> polyfit(x, max(0,x), 2)
ans =

   0.058594   0.500000   0.750000

>> x = [-8 : 0.01 : +8];
>> Y_LS = 0.058594 + 0.500000.*x + 0.750000.*x.*x;
>> P_LG = 0.7974683544 + 0.500000.*x + 0.0563686709.*x.*x;
>> P_LG6= 1.1110537229 + 0.500000.*x + 0.054235537.*x.*x;
>> plot(x,P_LG,'b',  x,P_LG6,'r',  x, max(0,x),'k')
>> hold on
>> legend('[-8,+8]', '[-6,+6]', 'ReLU')
>>
>>
